version https://git-lfs.github.com/spec/v1
oid sha256:182d473dc460911ade10bba4ffd8f189e0f073dff8d7ad6bbf633c83c1454628
size 2670737
